kinematics:
  shoulder:
    x: 0
    y: 0
    z: 0.16258881788756252
    roll: -0
    pitch: 0
    yaw: 4.9853796542376205e-08
  upper_arm:
    x: 0.0001350559846569252
    y: 0
    z: 0
    roll: 1.5699227667346622
    pitch: 0
    yaw: 8.5766076753991695e-07
  forearm:
    x: -0.42543826676176749
    y: 0
    z: 0
    roll: 3.1405884846091063
    pitch: 3.140216631640357
    yaw: 3.1415744566010715
  wrist_1:
    x: -0.39215898780927438
    y: -0.00097164933116206272
    z: 0.13402386318150303
    roll: 0.0072496963253976966
    pitch: 0.0013894138666427315
    yaw: 8.4213645806710858e-06
  wrist_2:
    x: -3.9127857727155901e-06
    y: -0.099872997783879938
    z: 1.8775257446438485e-05
    roll: 1.5706083354694946
    pitch: 0
    yaw: 1.4066074993900059e-06
  wrist_3:
    x: -3.7261047172634425e-05
    y: 0.099664444646566624
    z: 1.1410105361963778e-05
    roll: 1.5709108120092834
    pitch: 3.1415926535897931
    yaw: -3.1415924188645818
  hash: calib_7360189555347643352